    0.01772675
   -0.02895190
   -0.03107920
    0.00711627
   -0.03288871
   -0.03145733
    0.03483126
    0.03688337
    0.03076590
    0.03729384
    0.02683480
   -0.21109228
    0.06339048
    0.06372585
   -0.04931384
    0.00561049
    0.00752724
    0.00467382
   -0.00375889
    0.02668758
   -0.04598837
    0.02789348
   -0.06510460
    0.01425900
    0.04288088
    0.04394052
   -0.04106661
   -0.03635852
   -0.00403079
    0.00983377
   -0.04471754
    0.02564005
    0.02890898
    0.03474486
    0.01445855
   -0.03339623
   -0.03226764
    0.00690775
   -0.03291243
   -0.03349983
    0.03667981
    0.03790216
    0.03869364
    0.03718489
    0.02612334
   -0.21014980
    0.06395392
    0.06364148
   -0.05975823
    0.00515131
    0.04139582
    0.05142969
   -0.06250192
    0.00747517
    0.05641679
    0.04004457
   -0.04143705
   -0.04027776
   -0.04631497
    0.00418676
    0.02730088
    0.02586023
    0.02790909
    0.00406206
   -0.03628993
   -0.04025352
    0.01573932
   -0.03509661
    0.02992070
    0.02662132
   -0.03444793
    0.02688185
    0.02689447
   -0.06685635
    0.01326558
    0.04827729
    0.04638537
   -0.03667440
   -0.03659405
   -0.04141737
   -0.03692505
    0.00844170
    0.02496213
    0.02944506
    0.02542456
    0.02822680
   -0.00486580
   -0.04694250
    0.00410216
    0.00485511
   -0.05026869
    0.00517073
    0.02503616
    0.02785161
   -0.06473386
    0.01379829
    0.03772179
    0.04705257
   -0.04223955
   -0.03669655
   -0.00117255
    0.01149660
   -0.04815839
    0.02833507
    0.02863749
    0.03187267
    0.01633042
   -0.03067510
   -0.03497033
    0.00563893
   -0.02973498
   -0.03047131
    0.03425208
    0.03425409
    0.03916703
    0.03349226
    0.02638458
   -0.21143189
    0.06439021
    0.06424354
   -0.06349171
    0.01178184
    0.04287888
    0.04437713
   -0.03735651
   -0.03599627
    0.00793801
   -0.03912837
   -0.03342116
    0.02697468
    0.02935903
    0.02383661
    0.03461017
    0.00853221
   -0.04273037
    0.00718540
   -0.03629616
   -0.03961304
    0.00578905
    0.02664455
    0.02868543
    0.02580356
   -0.05973071
    0.00471637
    0.00395506
   -0.06086682
    0.05086903
    0.03974131
    0.03968956
    0.04901778
   -0.04973271
   -0.04682836
   -0.00441146
    0.00747488
    0.03003394
    0.02646410
    0.01835432
   -0.03141083
   -0.03231376
   -0.03279691
   -0.03308319
    0.00644300
    0.03739736
    0.03676313
    0.03484657
    0.03583041
    0.02693681
   -0.21128114
    0.06272608
    0.06322740
   -0.06633155
   -0.06220177
   -0.05909104
    0.00271029
    0.05048056
    0.03888639
    0.00360929
    0.03832097
    0.05614257
   -0.04884166
   -0.04647093
   -0.00323486
    0.00756757
    0.02500124
    0.02529303
    0.01078550
   -0.03212240
   -0.03480491
   -0.03934616
    0.01417742
   -0.03959462
    0.02548000
    0.02441025
    0.02596372
    0.03168976
   -0.06464052
   -0.04754938
   -0.04338624
    0.01141568
    0.03988537
    0.04625806
    0.00947952
   -0.00196459
   -0.03713695
    0.02992341
    0.03064322
    0.02606619
    0.04702356
    0.04322626
    0.00603187
   -0.04056365
   -0.04186881
    0.00340255
    0.00610126
   -0.04713223
    0.03397147
    0.02426807
    0.03060479
   -0.06666678
    0.00890555
    0.04430231
    0.05044156
   -0.00424581
   -0.03562669
   -0.04010610
   -0.04562320
    0.01352337
    0.03151028
    0.02696609
    0.02743284
   -0.06333438
    0.04066290
    0.04257997
    0.00814508
   -0.03521021
   -0.03915216
    0.01366087
   -0.03872588
   -0.03670593
    0.03244452
    0.02888429
    0.02595330
    0.02838347
   -0.06611486
    0.00834139
    0.04139572
    0.04481410
   -0.04918104
    0.00480210
    0.00321951
   -0.04613732
   -0.00425489
    0.01698109
    0.02784372
    0.03203331
   -0.03293393
   -0.03295738
    0.00692028
   -0.03241930
   -0.03217359
    0.03624631
    0.03695716
    0.03722487
    0.03631939
    0.02617676
   -0.21083326
    0.06379824
    0.06381572
   -0.06198216
    0.00594270
    0.04029613
    0.05095336
    0.00714430
   -0.06156070
    0.03979551
    0.05099953
   -0.04083112
   -0.03909479
    0.00490555
   -0.04481939
    0.03184175
    0.03219838
    0.02870032
    0.01092452
   -0.03821728
   -0.03609549
   -0.04342561
    0.01626230
   -0.00564110
    0.03320182
    0.03576154
    0.04153231
    0.02865692
   -0.21473080
    0.06241446
    0.06102649
   -0.06817147
    0.01313940
    0.04611777
    0.06122845
   -0.03854656
   -0.03623742
    0.00701478
   -0.03565743
   -0.03794413
    0.02616042
    0.00371199
   -0.04540229
   -0.03992187
    0.00562538
    0.00600233
   -0.04129357
    0.02646637
    0.03032397
    0.02820857
   -0.06212917
    0.04075205
    0.04958696
   -0.06060709
    0.04907804
    0.03937331
    0.03067450
    0.03127288
    0.02852377
