           1           2   1.39558483210620     
           2           3   1.45236991817945     
           1           4  0.104451488781342     
           3           4   1.40398244701673     
           2           5  0.107034378169117     
           4           5   1.40230329881529     
           1           6   1.39553019538689     
           3           6  0.106691683566980     
           5           6   1.45323576791685     
           6           7  0.969065095770990     
           5           8  0.968455057065649     
           2           9  0.969241180863743     
           3          10  0.968237203963506     
           4          11   1.02661344251676     
          11          12  0.922063926172690     
          11          13  0.976528658973200     
          11          14  0.976900430868953     
          15          16   1.41264539382206     
          15          17   1.41980791854441     
          16          18   1.37993196801033     
          17          18  0.100473487408776     
           1          19   1.01895838728864     
          16          19  0.101096621496875     
          17          19   1.36420593887050     
          15          20  0.965301789422521     
          15          21  0.102750966410197     
          18          21   1.41588208217446     
          19          21   1.40814551184509     
          21          22  0.968085724066527     
          17          23  0.994627555075584     
          23          24  0.993416047245355     
          23          25  0.966562295775192     
          23          26  0.964635954411358     
          24          27   1.39999568780707     
          27          28   1.45164004881080     
          28          29   1.39102213315991     
          27          30  0.102430291299496     
          29          30   1.37206101028702     
          24          31   1.41622182328837     
          28          31  0.107348048709170     
          30          31   1.41734971914620     
          27          32  0.968163972174828     
          28          33  0.969454974106768     
          31          34  0.964995857123169     
          29          35   1.02849703744579     
          35          36   1.39324523280854     
          36          37   1.45441673971689     
          35          38  0.102980783237628     
          37          38   1.40276738203322     
          35          39   1.38870239632782     
          37          39  0.106310552529358     
          36          40  0.105954171993861     
          38          40   1.40212499963038     
          39          40   1.45390547143923     
          36          41  0.969380888626770     
          37          42  0.968364077756658     
          39          43  0.968348990457527     
          40          44  0.968323873835288     
          38          45   1.02663679052853     
          45          46  0.922320449137343     
          45          47  0.976529787730175     
          45          48  0.976823597520302     
          18          49   1.00712114647348     
          49          50   1.00862604442861     
          49          51  0.967108867510494     
          49          52  0.932515258483726     
          16          53   1.00962597804706     
          50          54   1.37871886891540     
          53          54   1.00709090675102     
          53          55  0.931078612142866     
          53          56  0.967572462184083     
          50          57   1.40770620477256     
          54          58  0.100845008675143     
          57          58   1.45422282826305     
          54          59   1.42550297605473     
          57          59  0.102964553152727     
          58          60   1.38105631756295     
          59          60   1.38529779806743     
          59          61  0.964761776797651     
          57          62  0.968925793152372     
          58          63  0.968226656369272     
          60          64   1.05023934333262     
          64          65   1.38235109400423     
          65          66   1.45901528195737     
          64          67  0.101464627129678     
          66          67   1.40344772847864     
          65          68  0.104905632252932     
          67          68   1.40369014809571     
          65          69  0.967990696471647     
          66          70  0.968979316213512     
          64          71   1.38295774920962     
          66          71  0.104492032496159     
          68          71   1.45676287532437     
          68          72  0.966070087457803     
          71          73  0.965295399740046     
          30          74   1.00817042073250     
          74          75  0.999602082384142     
          74          76  0.952188824258205     
          74          77  0.955729065605795     
          75          78   1.40517631330580     
          78          79   1.45291782667624     
          75          80   1.40673585071964     
          79          80  0.105770905318511     
          78          81  0.105197179607102     
          80          81   1.45352020362387     
          75          82  0.103187402285366     
          79          82   1.38480023656360     
          81          82   1.38876987971486     
          78          83  0.965296908152706     
          79          84  0.962160072852651     
          80          85  0.969274253183512     
          81          86  0.969014832548086     
          82          87   1.03628780846827     
          87          88   1.38818580134175     
          88          89   1.42632164379155     
          87          90   1.36385361489266     
          88          91  0.101582859209040     
          90          91   1.41459670114371     
          89          92   1.36927869959854     
          91          92   1.42186334502253     
          88          93  0.964511747411622     
          91          94  0.966328244847376     
          90          95  0.993263751493718     
          95          96  0.992098774868107     
          95          97  0.970570652074387     
          95          98  0.958870476159954     
          96          99   1.41262118013278     
          99         100   1.43955344710614     
          96         101  0.102958044006724     
         100         101   1.40677723557835     
          99         102  0.102444709944711     
         101         102   1.35935838923469     
          96         103   1.40177102686360     
         100         103  0.105143626591302     
         102         103   1.43292944442982     
          99         104  0.968219343395701     
         100         105  0.969608382991703     
         103         106  0.963144064103541     
         101         107   1.02443445113382     
         107         108   1.39975997528939     
         108         109   1.44708619987074     
         107         110  0.104022471310383     
         109         110   1.40823018920538     
         108         111  0.106768571538830     
         110         111   1.39716353355023     
         107         112   1.38531400561752     
         109         112  0.105164797884309     
         111         112   1.46209024338764     
         108         113  0.969073590702764     
         112         114  0.969321862374557     
         111         115  0.967502325383549     
         109         116  0.968185396123568     
         110         117   1.02483117631175     
         117         118  0.925826694341738     
         117         119  0.972417586483417     
         117         120  0.978087918366708     
         102         121   1.00065838097185     
         121         122   1.00138746935492     
         121         123  0.959389263098075     
         121         124  0.959731241020882     
         122         125   1.39973268743987     
         125         126   1.46151957176141     
         122         127  0.102893452643253     
         126         127   1.38252475274489     
         122         128   1.40856755710985     
         126         128  0.103809117202068     
         125         129  0.105520646160595     
         127         129   1.38773254563283     
         128         129   1.45221718090180     
         125         130  0.968806909269105     
         126         131  0.968783332845016     
         128         132  0.968170314235298     
         129         133  0.967552099714228     
         127         134   1.04584366151169     
         134         135   1.38530129505928     
         135         136   1.43040913047959     
         134         137   1.38859111512481     
         136         137  0.102038941473020     
         135         138  0.103931234759405     
         137         138   1.44952725219487     
         134         139  0.100000651635376     
         136         139   1.37560802639861     
         138         139   1.41310123755137     
         135         140  0.965613422746994     
         137         141  0.969052022367162     
         138         142  0.968815833192100     
         136         143   1.00455661573535     
         143         144   1.00759368436048     
         144         145   1.37057085310066     
         139         146   1.00636843514601     
         145         146   1.00667102124712     
         146         147  0.938793838137875     
         146         148  0.970170862406678     
         143         149  0.970305496787702     
         143         150  0.939511947120509     
         144         151   1.42390094938361     
         145         152   1.42566915417847     
         151         152  0.103668648223917     
         152         153   1.39565876925247     
         145         154  0.100397970545364     
         151         154   1.41240322423986     
         153         154   1.37323241045563     
         151         155  0.966267262739527     
         152         156  0.967743669019022     
         153         157   1.02158931218664     
         157         158   1.39151993859184     
         158         159   1.45354711634953     
         157         160   1.39338114139194     
         159         160  0.106160091998102     
         158         161  0.106157513598316     
         160         161   1.45183882097456     
         157         162  0.103937554687274     
         159         162   1.40222229117337     
         161         162   1.40337106880172     
         158         163  0.969237728273693     
         159         164  0.968411750567647     
         160         165  0.968459140762308     
         161         166  0.968425978709236     
         162         167   1.02659503856334     
         167         168  0.921798621438763     
         167         169  0.976985922466700     
         167         170  0.976558026088208     
         154         171  0.996566028337429     
          89         172   1.00785556182052     
          92         173   1.00768347820064     
         173         174   1.00486867265109     
         173         175  0.934791713527285     
         173         176  0.969946416950155     
         172         177   1.00732359126048     
         174         177   1.37962682561680     
         172         178  0.968446562002617     
         172         179  0.930124036935237     
         177         180   1.41530888773457     
         174         181   1.41704707774919     
         180         181  0.102877039774490     
         177         182  0.101469935647801     
         181         182   1.40830631530898     
         174         183  0.100803090662122     
         180         183   1.41730135183216     
         182         183   1.36639242975420     
         180         184  0.965194866703781     
         181         185  0.968122833067278     
         182         186   1.01578654955858     
         186         187   1.39807890320711     
         186         188   1.39807257183101     
         187         189  0.107113894308462     
         188         189   1.44810186207996     
         186         190  0.105765729176098     
         189         190   1.41005628987909     
         187         191   1.45009236819701     
         188         191  0.108906085607059     
         190         191   1.40575630389514     
         191         192  0.969257260350488     
         187         193  0.970422713968999     
         188         194  0.969956007476862     
         189         195  0.965007522255784     
         190         196  0.990884789921385     
         171         199  0.993113890533632     
         197         199   1.42270952932359     
         198         199   1.39015288951513     
         171         200  0.969092225049724     
         171         201  0.958097193063855     
         196         202   1.01197105433306     
         197         202   1.40970930912771     
         198         202  0.102127762524859     
         199         203  0.100385402547956     
         202         203   1.36961467525247     
         197         204  0.102490497383479     
         198         204   1.46842710423160     
         203         204   1.37601436137379     
         198         205  0.964183946991819     
         204         206  0.967503209733004     
         197         207  0.965697340307588     
         196         208  0.959648728650043     
         196         209  0.954310535492910     
         203         210   1.04590329507065     
         210         211   1.39268395578569     
         211         212   1.44101906838070     
         210         213  0.100021716465251     
         212         213   1.41919600146315     
         211         214  0.100886835489518     
         213         214   1.36946600450294     
         210         215   1.37808582897270     
         212         215  0.104277002092215     
         214         215   1.43591452604971     
         211         216  0.963243063423739     
         212         217  0.966828442417108     
         215         218  0.964606444254530     
          67         219   1.00078179069951     
         219         220   1.00658487382939     
         219         221  0.957599895708111     
         219         222  0.950061651703735     
         220         223   1.36935535096995     
         223         224   1.39493104088139     
         220         225  0.102842759953848     
         224         225   1.44978180461804     
         220         226   1.42009284905335     
         224         226  0.106998514829905     
         223         227  0.100324840443826     
         225         227   1.40140973243979     
         226         227   1.41526929320459     
         226         228  0.964871341519563     
         224         229  0.967490638124471     
         225         230  0.966427326283885     
         183         231  0.994774834807948     
         227         231  0.991232186903945     
         231         232  0.965726398661512     
         231         233  0.967526139043998     
         223         234   1.02754804664223     
         234         235   1.38341537227576     
         235         236   1.45821942172562     
         234         237  0.103926047314068     
         236         237   1.40089225176113     
         235         238  0.106190864351647     
         237         238   1.41298185388481     
         234         239   1.40073111678471     
         236         239  0.107443613833588     
         238         239   1.44458736976635     
         235         240  0.967988094159130     
         236         241  0.967506154060862     
         238         242  0.968171641878866     
         239         243  0.969947113233206     
         237         244  0.994371830765198     
         244         245  0.993304901495052     
         244         246  0.966986879705054     
         244         247  0.963385755565077     
         245         248   1.40474716613776     
         248         249   1.43202272232493     
         245         250  0.100467485942251     
         249         250   1.36278583097154     
         248         251  0.103655043107099     
         250         251   1.43317216923006     
         245         252   1.37865028136677     
         251         252   1.38865566999858     
         252         253   1.02229853913255     
         251         254  0.967749861405673     
         248         255  0.965458607807539     
         253         256   1.39171810957890     
         256         257   1.45343371218823     
         253         258  0.103818363584834     
         257         258   1.40247833103593     
         256         259  0.106574727827637     
         258         259   1.40341857998774     
         253         260   1.39467089972847     
         257         260  0.106353940098145     
         259         260   1.45294881530990     
         256         261  0.969209176905326     
         257         262  0.968365127926335     
         259         263  0.968357488735889     
         260         264  0.969384998628434     
         258         265   1.02656467316062     
         265         266  0.922077538291096     
         265         267  0.976644925473287     
         265         268  0.976676496605105     
         250         269   1.00305666758133     
         269         270   1.00513225837911     
         269         271  0.972689328683330     
         269         272  0.940783183816423     
         270         273   1.36714965980003     
         249         274   1.00441777767129     
         273         274   1.00306361576421     
         274         275  0.972730755322718     
         274         276  0.941244386066955     
         270         277   1.41704801565209     
         273         278  0.101153624292188     
         277         278   1.44649193436579     
         278         279   1.38814270452038     
         273         280   1.43722054250206     
         277         280  0.102307185421773     
         279         280   1.37840835946965     
         280         281  0.964319475875251     
         278         282  0.968064064352486     
         277         283  0.968568021298572     
         279         284   1.05417945027328     
         284         285   1.38220356881919     
         285         286   1.45392351408232     
         284         287   1.38327909028514     
         286         287  0.101345170820699     
         285         288  0.100198395347476     
         287         288   1.43362073093312     
         286         289   1.40571385962718     
         288         289   1.36364184030757     
         286         290  0.967588741381061     
         285         291  0.967622331999993     
         287         292  0.959553013181469     
         289         293   1.02940222852418     
         293         294  0.919961656776124     
         293         295  0.969270377673956     
         293         296  0.977843293807751     
         288         297  0.998510900548794     
         297         298   1.01165936920927     
         297         299  0.952108242623982     
         297         300  0.953028324800885     
         298         301   1.40217254083954     
         301         302   1.45789802395103     
         298         303  0.102387201489245     
         302         303   1.38543780854529     
         301         304  0.106559221490124     
         303         304   1.38659234813151     
         298         305   1.40644734952914     
         302         305  0.104792841828034     
         304         305   1.45544387485754     
         301         306  0.969541814295674     
         303         307   1.04652251572548     
         307         308   1.39013468020116     
         307         309   1.38334863723651     
         308         310   1.42817689945196     
         309         310  0.102473394922905     
         310         311   1.37562737492866     
         308         312  0.103180927390107     
         309         312   1.45205822689129     
         311         312   1.41115566624535     
         308         313  0.967151143816592     
         309         314  0.968142043111810     
         312         315  0.968238878625345     
         214         316   1.00439596050146     
         311         316   1.00704970964586     
         316         317  0.970928574194636     
         316         318  0.939399925548261     
         213         319   1.00598570718727     
         310         319   1.00510865666421     
         319         320  0.939944291730521     
         319         321  0.970827126346980     
         305         322  0.968640140994517     
         304         323  0.968398795256052     
         302         324  0.968919376173730     
