           1           3   1.00189586262606     
           1           4   1.00558366159867     
           1           5  0.997808997525484     
           2           6   1.00762067126504     
           2           7  0.999414629102029     
           2           8   1.00344604130484     
           1           9  0.545798597316141     
           2          10  0.537881264588312     
           9          11   1.03174247890657     
          10          11   1.04101891801079     
           9          12   1.59791855446376     
          11          12  0.123434720637767     
           9          13   1.62743732386543     
          11          13  0.117021585433718     
          12          13  0.130321968269752     
          10          14   1.62918102882338     
          11          14  0.118292596333088     
          10          15   1.59542081863027     
          11          15  0.126202768452434     
          14          15  0.130660037946239     
