    0.01448797
   -0.02924434
   -0.03221765
    0.00010834
   -0.03476645
   -0.03295743
    0.02878013
    0.02891422
    0.02991353
    0.03262013
    0.02971763
   -0.22565121
    0.05799453
    0.05979635
   -0.04991114
    0.00368825
    0.00676118
    0.00333127
   -0.00427839
    0.02273202
   -0.04718581
    0.02431030
   -0.06261689
    0.00636044
    0.03827992
    0.03697165
   -0.04327533
   -0.03988165
   -0.00771510
    0.00546568
   -0.04665579
    0.01738697
    0.02234401
    0.02767046
    0.00337019
   -0.03842368
   -0.03661398
   -0.00800491
   -0.03751858
   -0.03778028
    0.02509246
    0.02435987
    0.03155929
    0.02553903
    0.02952409
   -0.23717608
    0.05478615
    0.05538883
   -0.05905923
    0.00377033
    0.03798626
    0.05139640
   -0.06148269
    0.00697112
    0.05586449
    0.03672045
   -0.04191683
   -0.04133930
   -0.04693086
    0.00227272
    0.02478079
    0.02260770
    0.02510984
    0.00286815
   -0.03747361
   -0.04102808
    0.01348610
   -0.03518772
    0.02690935
    0.02261283
   -0.03491603
    0.02542956
    0.02564600
   -0.06557679
    0.01241949
    0.04816243
    0.04018467
   -0.03615930
   -0.03707843
   -0.04254634
   -0.03775163
    0.00684323
    0.02565535
    0.02713803
    0.02069742
    0.02465900
   -0.00550347
   -0.04708611
    0.00256184
    0.00405556
   -0.05011880
    0.00320940
    0.02265713
    0.02538798
   -0.06313953
    0.00962091
    0.03413435
    0.04513828
   -0.04345619
   -0.03923547
   -0.00393711
    0.00904345
   -0.04908577
    0.02243411
    0.02357718
    0.02867386
    0.00969448
   -0.03334620
   -0.03651225
   -0.00392387
   -0.03314669
   -0.03361315
    0.02788065
    0.02897317
    0.02994790
    0.02580906
    0.02851988
   -0.22536077
    0.05729090
    0.05830846
   -0.06192157
    0.01233814
    0.04003486
    0.04205978
   -0.03661941
   -0.03615350
    0.00681094
   -0.03923653
   -0.03321589
    0.02708395
    0.02758704
    0.02141744
    0.03172848
    0.00877588
   -0.04217101
    0.00733988
   -0.03697443
   -0.04033682
    0.00481351
    0.02699127
    0.02505717
    0.02138446
   -0.05813283
    0.00032536
    0.00132387
   -0.05935748
    0.04660221
    0.03595260
    0.03755702
    0.04495746
   -0.05085045
   -0.04897995
   -0.00620818
    0.00474344
    0.02542146
    0.02212056
    0.00841217
   -0.03508046
   -0.03637398
   -0.03679484
   -0.03637628
   -0.00584575
    0.02930220
    0.02634910
    0.02596705
    0.02525787
    0.02902040
   -0.23240311
    0.05535850
    0.05590512
   -0.06557909
   -0.06148972
   -0.05828072
    0.00321694
    0.04930479
    0.03710359
    0.00407521
    0.03623837
    0.05549023
   -0.04873083
   -0.04623793
   -0.00357213
    0.00700679
    0.02328239
    0.02418112
    0.01095275
   -0.03209557
   -0.03475289
   -0.03937625
    0.01371240
   -0.03971231
    0.02471040
    0.02431130
    0.02583426
    0.03185342
   -0.06399474
   -0.04788365
   -0.04313017
    0.01142923
    0.03562706
    0.04678768
    0.00858028
   -0.00317351
   -0.03743647
    0.03180633
    0.02883608
    0.02419913
    0.04602748
    0.04135762
    0.00565678
   -0.04081698
   -0.04198586
    0.00265616
    0.00524414
   -0.04758453
    0.03379085
    0.02414652
    0.02940994
   -0.06578609
    0.00848906
    0.04119197
    0.04932603
   -0.00436260
   -0.03589053
   -0.04047306
   -0.04577061
    0.01265208
    0.03065497
    0.02658454
    0.02642237
   -0.06265941
    0.03869340
    0.04147304
    0.00692586
   -0.03526197
   -0.03873281
    0.01392491
   -0.03904083
   -0.03736453
    0.03148912
    0.02998816
    0.02372813
    0.02544346
   -0.06522898
    0.00482211
    0.03682113
    0.04485057
   -0.05012785
    0.00220341
    0.00177788
   -0.04777127
   -0.00674318
    0.00943260
    0.02313623
    0.02669149
   -0.03627266
   -0.03582178
   -0.00356686
   -0.03584295
   -0.03518190
    0.02912493
    0.02764837
    0.02828152
    0.03008941
    0.02847843
   -0.22785546
    0.05752620
    0.05727456
   -0.05920173
   -0.00364694
    0.03348239
    0.04322711
    0.00315397
   -0.05943272
    0.03475388
    0.04485129
   -0.04381492
   -0.04442351
   -0.00127166
   -0.04890045
    0.02492523
    0.02231144
    0.01753514
    0.00042870
   -0.04339915
   -0.04024663
   -0.04845288
    0.00948190
   -0.02062909
    0.01951293
    0.02456396
    0.03285062
    0.03170855
   -0.24328912
    0.05372241
    0.05210405
   -0.06485764
    0.01334676
    0.03770389
    0.05360721
   -0.03842499
   -0.03690667
    0.00477185
   -0.03651973
   -0.03774354
    0.02406351
    0.00308095
   -0.04587406
   -0.04118860
    0.00497889
    0.00377261
   -0.04242369
    0.02677009
    0.02703628
    0.02432779
   -0.06108494
    0.03873767
    0.04630896
   -0.06002777
    0.04643737
    0.03945929
    0.02817050
    0.02739844
    0.02524341
