           1           2   1.38402387780535     
           2           3   1.46099323926657     
           3           4   1.38964128759036     
           2           5  0.103272590013842     
           4           5   1.38832431014387     
           1           6   1.38174295443109     
           3           6  0.102268074730470     
           5           6   1.46285207063309     
           6           7  0.969177998243265     
           5           8  0.969015972953063     
           2           9  0.969280106566565     
           3          10  0.968521573749785     
           4          11   1.03242111615397     
          11          12  0.909211959472822     
          11          13  0.977142360723721     
          11          14  0.977746432756448     
          15          16   1.40914003168975     
          15          17   1.42055274669678     
          16          18   1.37978313157093     
           1          19   1.02423486735085     
          17          19   1.36016454303030     
          15          20  0.965468580116956     
          15          21  0.100562408016497     
          18          21   1.41600622986142     
          19          21   1.40360159525095     
          21          22  0.968240818084458     
          17          23  0.995456105699956     
          23          24  0.991975240735003     
          23          25  0.966720384403344     
          23          26  0.965810360103777     
          24          27   1.38959997162056     
          27          28   1.46209726020967     
          28          29   1.37070877158074     
          29          30   1.35146482476251     
          24          31   1.40501439975623     
          28          31  0.102610525946436     
          30          31   1.42875756439625     
          27          32  0.968392122852968     
          28          33  0.969312294700570     
          31          34  0.965462055597831     
          29          35   1.05232182415585     
          35          36   1.35889589506832     
          36          37   1.47895449282216     
          37          38   1.36994779781395     
          35          39   1.35669072388618     
          38          40   1.37063985309363     
          39          40   1.47578699716317     
          36          41  0.969592910107841     
          37          42  0.969226576642209     
          39          43  0.968105285483834     
          40          44  0.968972797046048     
          38          45   1.04130258476297     
          45          46  0.894394426840512     
          45          47  0.977608054868434     
          45          48  0.978437254898888     
          18          49   1.00651810994849     
          49          50   1.00889911416393     
          49          51  0.967748136230619     
          49          52  0.932112530048396     
          16          53   1.00903597059679     
          50          54   1.37435655304547     
          53          54   1.00705794703003     
          53          55  0.931393024922896     
          53          56  0.968249232474280     
          50          57   1.40563895280243     
          57          58   1.45610166051674     
          54          59   1.42914025856906     
          57          59  0.101539100934177     
          58          60   1.37589815617380     
          59          60   1.37918384505707     
          59          61  0.964739418082335     
          57          62  0.969040284996829     
          58          63  0.968229306464262     
          60          64   1.05514142185188     
          64          65   1.37710772557144     
          65          66   1.46117867444975     
          66          67   1.40105235002949     
          65          68  0.103710519792149     
          67          68   1.39999333828347     
          65          69  0.968016592582720     
          66          70  0.969110044036185     
          64          71   1.37697687100407     
          66          71  0.103163284476006     
          68          71   1.46040383830777     
          68          72  0.966349876357596     
          71          73  0.965395754616624     
          30          74   1.00707315834784     
          74          75   1.00012013868543     
          74          76  0.951387169664077     
          74          77  0.956802884998233     
          75          78   1.40386163506419     
          78          79   1.45444038933289     
          75          80   1.40215889669291     
          79          80  0.104181459228674     
          78          81  0.104445197290891     
          80          81   1.45639855658252     
          75          82  0.101061412472754     
          79          82   1.37995914460162     
          81          82   1.38510505944053     
          78          83  0.965265254982975     
          79          84  0.962161069135939     
          80          85  0.969482678132059     
          81          86  0.969134076565085     
          82          87   1.03986141233471     
          87          88   1.38492961008362     
          88          89   1.42928719663522     
          87          90   1.35809376808355     
          88          91  0.101180486061399     
          90          91   1.41400361175678     
          89          92   1.36544771089485     
          91          92   1.42284033453311     
          88          93  0.964470253826538     
          91          94  0.966309932410289     
          90          95  0.992706341516553     
          95          96  0.991773426801666     
          95          97  0.970816409950116     
          95          98  0.960104480079527     
          96          99   1.40491965098467     
          99         100   1.44728209551940     
         100         101   1.39149652189494     
         101         102   1.34806064637129     
          96         103   1.39312581899534     
         100         103  0.101557772560003     
         102         103   1.44045693594036     
          99         104  0.968406986139077     
         100         105  0.969618008377560     
         103         106  0.963494087750766     
         101         107   1.03900486796203     
         107         108   1.37569553558235     
         108         109   1.46437716070193     
         109         110   1.38630397698629     
         110         111   1.37840156350468     
         107         112   1.36651406052028     
         111         112   1.47418385596184     
         108         113  0.969025883704292     
         112         114  0.969419851054379     
         111         115  0.968005279016760     
         109         116  0.968804665334714     
         110         117   1.03420596605182     
         117         118  0.907983383731251     
         117         119  0.975967805293601     
         117         120  0.978552370815408     
         102         121   1.00000766548164     
         121         122   1.00232009517796     
         121         123  0.959490665482092     
         121         124  0.959266093110128     
         122         125   1.39890786233758     
         125         126   1.46255590083889     
         122         127  0.102054474730821     
         126         127   1.37984779682986     
         122         128   1.40643365103346     
         126         128  0.102941823572399     
         125         129  0.105218756030088     
         127         129   1.38794920193518     
         128         129   1.45207015622940     
         125         130  0.968662823783038     
         126         131  0.968930830441708     
         128         132  0.968330378774557     
         129         133  0.967846849013741     
         127         134   1.04623351034324     
         134         135   1.38425969924077     
         135         136   1.43101239527204     
         134         137   1.38784320936829     
         136         137  0.101837040856925     
         135         138  0.103688227394990     
         137         138   1.44991878588150     
         136         139   1.37511432524593     
         138         139   1.41236393906106     
         135         140  0.965524883863640     
         137         141  0.969317207191147     
         138         142  0.969019645353119     
         136         143   1.00471808102663     
         143         144   1.00711187085215     
         144         145   1.36549732475367     
         139         146   1.00664039912432     
         145         146   1.00547779404596     
         146         147  0.940056267733413     
         146         148  0.970474686521645     
         143         149  0.970388821127459     
         143         150  0.940373322609872     
         144         151   1.41737329340933     
         145         152   1.43245650562831     
         151         152  0.101129227202470     
         152         153   1.38306439209671     
         151         154   1.41927282225428     
         153         154   1.36030238933203     
         151         155  0.966429870520353     
         152         156  0.967653869414349     
         153         157   1.03675673958511     
         157         158   1.36681587224428     
         158         159   1.47275565649738     
         157         160   1.36446325186434     
         160         161   1.47113349588905     
         159         162   1.37262814889012     
         161         162   1.37705413622941     
         158         163  0.969554951739765     
         159         164  0.969050812921235     
         160         165  0.968093484599679     
         161         166  0.969054980639718     
         162         167   1.03906496766580     
         167         168  0.898716574120729     
         167         169  0.977915548366568     
         167         170  0.977884674802514     
         154         171  0.995688832101659     
          89         172   1.00705294405228     
          92         173   1.00680746547362     
         173         174   1.00534917558954     
         173         175  0.935278381281558     
         173         176  0.970253796768630     
         172         177   1.00788007621560     
         174         177   1.37884050910679     
         172         178  0.968745545100087     
         172         179  0.930121321240272     
         177         180   1.41539520053326     
         174         181   1.41716106601971     
         180         181  0.102701457269194     
         177         182  0.101493464181926     
         181         182   1.40829337896021     
         174         183  0.100836915682364     
         180         183   1.41721958273789     
         182         183   1.36653735518747     
         180         184  0.965223425655276     
         181         185  0.968198279670629     
         182         186   1.01548703319031     
         186         187   1.39839493198498     
         186         188   1.39799455343998     
         187         189  0.107153469564554     
         188         189   1.44819994535953     
         186         190  0.105811408976949     
         189         190   1.41008008607273     
         187         191   1.44975380301660     
         188         191  0.108914312457642     
         190         191   1.40605363653863     
         191         192  0.969281672720552     
         187         193  0.970438731313686     
         188         194  0.969992550765720     
         189         195  0.964987716027591     
         190         196  0.990724072421341     
         171         199  0.993715756767554     
         197         199   1.42159453948985     
         198         199   1.38822276252184     
         171         200  0.970079846992810     
         171         201  0.956723952572702     
         196         202   1.01167654843598     
         197         202   1.41022337385347     
         198         202  0.101875055462973     
         202         203   1.36880691777305     
         197         204  0.101897286514766     
         198         204   1.47019142131971     
         203         204   1.37375017247522     
         198         205  0.964378322396866     
         204         206  0.967576044975934     
         197         207  0.965768989401623     
         196         208  0.959996149907776     
         196         209  0.954587599456338     
         203         210   1.04705354551518     
         210         211   1.39144516436112     
         211         212   1.44166543309915     
         212         213   1.41853316423817     
         211         214  0.100633602145728     
         213         214   1.36904360082925     
         210         215   1.37680890676371     
         212         215  0.104069755638725     
         214         215   1.43674470720573     
         211         216  0.963153006165558     
         212         217  0.966592183836604     
         215         218  0.964677334891419     
          67         219   1.00070739976153     
         219         220   1.00618350130424     
         219         221  0.958136214502304     
         219         222  0.950330363485144     
         220         223   1.36876334192052     
         223         224   1.39454054620703     
         220         225  0.102719375064059     
         224         225   1.44993322581332     
         220         226   1.42042257132771     
         224         226  0.106849159064256     
         223         227  0.100084972150927     
         225         227   1.40113528386948     
         226         227   1.41508888597811     
         226         228  0.964873562192451     
         224         229  0.967254435486190     
         225         230  0.966351283785105     
         183         231  0.994705237052340     
         227         231  0.991297586382735     
         231         232  0.965866114047276     
         231         233  0.967653194257644     
         223         234   1.02801029518945     
         234         235   1.38201891024033     
         235         236   1.45962919732631     
         234         237  0.103331981196888     
         236         237   1.39885000760899     
         235         238  0.105602332182537     
         237         238   1.41203819318578     
         234         239   1.40004659119200     
         236         239  0.107181702690053     
         238         239   1.44471227550988     
         235         240  0.968072465634701     
         236         241  0.967912955270177     
         238         242  0.968305134918197     
         239         243  0.970071750877928     
         237         244  0.995746437377733     
         244         245  0.991618490520207     
         244         246  0.967985496705606     
         244         247  0.962251745107136     
         245         248   1.40903850596824     
         248         249   1.42844547889236     
         249         250   1.35555011524830     
         248         251  0.101419210732088     
         250         251   1.43973822148327     
         245         252   1.36843642419588     
         251         252   1.37733980702773     
         252         253   1.03591796171130     
         251         254  0.967683380437174     
         248         255  0.965801990064401     
         253         256   1.36766332762058     
         256         257   1.46979402129598     
         257         258   1.38014416460968     
         258         259   1.38146886422642     
         253         260   1.37468325675871     
         257         260  0.100079241017169     
         259         260   1.46722192084350     
         256         261  0.969165069093421     
         257         262  0.969037035375245     
         259         263  0.968852419876139     
         260         264  0.969633956831287     
         258         265   1.03557970377804     
         265         266  0.904733309264430     
         265         267  0.978060888066181     
         265         268  0.977154210385432     
         250         269   1.00274445921329     
         269         270   1.00357700345149     
         269         271  0.973550673312842     
         269         272  0.943080031031649     
         270         273   1.35434593820097     
         249         274   1.00532179191174     
         273         274   1.00065085257743     
         274         275  0.973249705988342     
         274         276  0.942976845182328     
         270         277   1.40402318024565     
         277         278   1.46007519100074     
         278         279   1.35960418295830     
         273         280   1.45253262099652     
         279         280   1.35057925442889     
         280         281  0.963543212490189     
         278         282  0.967759692760854     
         277         283  0.968993097808627     
         279         284   1.08658555529494     
         284         285   1.34590303167922     
         285         286   1.48020318483536     
         284         287   1.34393765011185     
         287         288   1.46296458097292     
         286         289   1.37188312441035     
         288         289   1.33291691135615     
         286         290  0.968337225535431     
         285         291  0.967296717642060     
         287         292  0.958927041271378     
         289         293   1.04540871411196     
         293         294  0.889263277237925     
         293         295  0.972295558838154     
         293         296  0.979042462456323     
         288         297  0.992841213259194     
         297         298   1.01344211937012     
         297         299  0.954424155878336     
         297         300  0.956634539536812     
         298         301   1.39974724219972     
         301         302   1.45902936536290     
         298         303  0.100280055872327     
         302         303   1.38239673880891     
         301         304  0.105030501424372     
         303         304   1.38121161426922     
         298         305   1.40221275711591     
         302         305  0.103936145111333     
         304         305   1.45904296844108     
         301         306  0.969521555398945     
         303         307   1.05006246150218     
         307         308   1.38572472611493     
         307         309   1.37998651852830     
         308         310   1.43038726788672     
         309         310  0.101748492042069     
         310         311   1.37394639975703     
         308         312  0.102274820119584     
         309         312   1.45387352949958     
         311         312   1.40893206200090     
         308         313  0.967052235239991     
         309         314  0.968238353938383     
         312         315  0.968448707805383     
         214         316   1.00398659969980     
         311         316   1.00670329661778     
         316         317  0.971225636146631     
         316         318  0.940368198272916     
         213         319   1.00585347060265     
         310         319   1.00483325113884     
         319         320  0.940553008899243     
         319         321  0.970841631993544     
         305         322  0.968884420919114     
         304         323  0.968508269043518     
         302         324  0.969004864481102     
