   -0.08683239
   -0.03003416
    0.03579022
    0.03847367
    0.01119191
    0.03273560
   -0.03366393
   -0.03557059
    0.00742570
   -0.03569032
   -0.03888201
    0.03089047
    0.02655357
    0.04242361
    0.03621455
    0.01515531
   -0.20494085
    0.00755433
    0.03870414
    0.08516202
    0.00959010
    0.00823797
    0.02993430
    0.01407128
   -0.23623432
    0.03400402
    0.04169375
    0.01475999
    0.03179061
   -0.11380890
   -0.04631298
    0.02254666
    0.02262520
   -0.04963758
    0.03555495
    0.03114428
   -0.10116806
    0.02910123
    0.02965864
    0.03314679
    0.03283611
    0.03330359
    0.15050153
