           1           2   1.89888458550661     
           1           3  0.978393301344138     
           1           4  0.972845055186141     
           2           5   1.09323909559388     
           2           6  0.964593666969219     
           5           7   1.36489445559122     
           7           8   1.47431692768549     
           8           9   1.39299080916343     
           5          10   1.37858034202319     
           8          10  0.103399909144881     
           7          11  0.102199536370205     
           9          11   1.41276448506910     
          10          11   1.45395966142076     
          10          12  0.968537917405891     
          11          13  0.968450058261386     
           8          14  0.968171179253359     
           7          15  0.965589107873276     
           9          16   1.00430088437852     
          16          17   1.00187701111729     
          16          18  0.958981719969433     
          16          19  0.957726957841987     
          17          20  0.978837028161331     
          17          21  0.999065404024470     
          21          22  0.986327347301033     
          21          23  0.976517204360091     
          21          24  0.971537416881417     
          20          25   1.02437423222955     
          22          25   1.01006939310405     
          22          26  0.980984101042050     
          22          27  0.975297258848418     
          20          28  0.960682881180947     
          20          29  0.972704161169274     
          30          31   1.09177197402770     
          30          32  0.986807393423526     
          30          33  0.986487713433170     
          31          34  0.952507520053100     
          31          35  0.964722583234829     
          31          36  0.971239387320535     
          34          37   1.01827890158658     
          34          38  0.980203520309007     
          34          39  0.980040215640056     
          37          40  0.987805295458712     
          37          41  0.985286345705429     
          37          42  0.987772216680727     
          25          43  0.955224867462052     
