           1           3  0.963986396135154     
           1           4  0.966955169166863     
           1           5  0.956461124781569     
           2           6  0.963975685107970     
           2           7  0.951615510491252     
           2           8  0.977227647888900     
           1           9  0.662427325336374     
           2          10  0.635620423488227     
           9          11   1.08710998027308     
          10          11   1.12582367034988     
           9          12   1.59294181408443     
           9          13   1.57435333402083     
          11          13  0.100803383087893     
          12          13  0.113592682760915     
          10          14   1.61737818141483     
          10          15   1.57172079229000     
          11          15  0.102956800511512     
          14          15  0.111238063638080     
