   -0.07740031
   -0.03208529
    0.05416003
    0.04933127
    0.02246682
    0.04440459
   -0.03047151
   -0.03762656
   -0.00552111
   -0.03439813
   -0.04141722
    0.04556387
    0.02656635
    0.03979873
    0.05113495
   -0.01055535
   -0.12646188
    0.02377183
    0.05903105
    0.03408884
   -0.01680285
   -0.03185772
    0.07304662
    0.09538343
    0.00229575
    0.08631630
    0.09285424
    0.09295101
    0.08676054
   -0.02731177
   -0.07365033
    0.08525378
    0.08199023
   -0.05790240
    0.05094109
    0.05588265
   -0.11325217
    0.04541157
    0.04559460
    0.04692561
    0.05895467
    0.04724373
    0.21859046
