           1           2   1.89940005951340     
           1           3  0.976688002455302     
           1           4  0.971769096578695     
           2           5   1.09300822780273     
           2           6  0.963441989245964     
           5           7   1.36512713732865     
           7           8   1.47317249207581     
           8           9   1.39329582362685     
           5          10   1.37816075350975     
           8          10  0.103159723710677     
           7          11  0.101922699469490     
           9          11   1.41128926126328     
          10          11   1.45307287644763     
          10          12  0.967623507274306     
          11          13  0.968149134769507     
           8          14  0.968901693430806     
           7          15  0.964376105717440     
           9          16   1.00033842117361     
          16          17  0.967129113429770     
          16          18  0.966199553191355     
          16          19  0.963837019765297     
          17          20   1.11672298239751     
          17          21   1.00475900888813     
          21          22  0.980952202589897     
          21          23  0.968531333873316     
          21          24  0.963290892399142     
          20          25  0.823586423637253     
          22          25  0.949395619701603     
          22          26  0.973213029415376     
          22          27  0.968040621643045     
          20          28  0.965113619797655     
          20          29  0.962655084028723     
          25          30  0.943843197263355     
          30          31   1.00233679814316     
          30          32  0.966285902782583     
          30          33  0.966835688188451     
          31          34  0.998284854002800     
          31          35  0.973130482745428     
          31          36  0.973586522357274     
          34          37   1.01875435572466     
          34          38  0.977422904887563     
          34          39  0.977292158645370     
          37          40  0.986638167345532     
          37          41  0.983840713963740     
          37          42  0.986640570938888     
          25          43  0.924534321731969     
